.Random.seed <-
c(403L, 10L, -854743116L, 1273577271L, 410916397L, 699148100L, 
1873810538L, 1683246805L, -1213069201L, 1378699638L, -1363676512L, 
8216419L, -1629735935L, 471252848L, -1474562290L, -1384189575L, 
703956235L, 781164090L, 2026100028L, 2013518463L, 1959248341L, 
-2083250196L, -1669529278L, -1751138659L, 1452284695L, -635630978L, 
1387485752L, 582851867L, -248657287L, -401586488L, -106930442L, 
821835569L, -1552011421L, 881280306L, 755570308L, 256180935L, 
425157021L, -456055532L, 1850698682L, -1555636731L, -1987141665L, 
1765643878L, -266190352L, 1058852627L, 1913934001L, -1181224096L, 
1975689470L, -435842935L, -150224965L, -1361852022L, 1182529644L, 
-1342367249L, 1692881445L, -11532580L, 1639062706L, -852201555L, 
1201009511L, -239955826L, 1359048040L, -855675541L, 1416281865L, 
1182454168L, 1801631942L, -232109535L, -887123277L, 749084706L, 
-1785923052L, -979091817L, -145215347L, 78202276L, 1055868810L, 
-1154767883L, 1324583503L, -828011178L, 1758341120L, -587073213L, 
980104417L, -1940091312L, 827527854L, 1985902169L, -662552981L, 
1487516634L, 563668124L, 589229727L, 1460872437L, 1364379020L, 
-262389662L, -534163395L, 777374391L, -1440059042L, -977389416L, 
2053948411L, -891194983L, -1024077272L, 571728598L, 701237073L, 
861547011L, -585966190L, 2033855268L, 847121895L, 88181309L, 
407798964L, -934313190L, 2087577701L, 303841535L, -1100254842L, 
-524310768L, -779803725L, -672636847L, -394988544L, 712275166L, 
-337246423L, 2008750811L, 767062506L, -272909940L, -60539185L, 
-1152630139L, 314612028L, 87229458L, -856904947L, 1261353031L, 
1765726766L, 907101064L, -481522037L, 1893949545L, -792826824L, 
44129510L, 1412916353L, 1820603411L, 1955537858L, -182240140L, 
926634615L, 2092510061L, 1950288900L, 465954602L, 1348580501L, 
1612063535L, -1502490058L, 2052122208L, 235762851L, 1224875969L, 
-384746576L, 1658019534L, -1806640071L, -1610923445L, -1118521350L, 
536679164L, -2145216705L, 1256052757L, -968938708L, 1399201794L, 
472623837L, -1533038121L, 970898622L, 1714116344L, 1548002523L, 
-1114204359L, 568427144L, 1417815606L, -943032719L, 134268067L, 
40521202L, 329882948L, 968203783L, 629939165L, -1686784812L, 
-1024832518L, 617290565L, 116416415L, -820947674L, -1189782096L, 
-1603127725L, -535637647L, 148609184L, 1259874366L, 1485381449L, 
-1021753861L, -548009526L, -2038143188L, 864597807L, 2068043237L, 
-1248560996L, -524473102L, 1442571629L, -2030738777L, 392727758L, 
971498024L, 1866256939L, -495945655L, 1842080088L, -1832505338L, 
955343329L, 491866995L, -794476574L, 1370199892L, 888330839L, 
746199629L, -1982079516L, -1914767414L, 809490997L, 659005583L, 
320192918L, 351509824L, 52154371L, -1945005535L, 1526920464L, 
893631214L, 1836828313L, 1270687531L, -193240550L, -1849679652L, 
-892330785L, -1319966027L, 331521100L, -1828061022L, 695984125L, 
-767255305L, -1329812962L, 1629676760L, 899004475L, -126131751L, 
-1688914072L, -994755946L, 61408273L, -434457149L, 389487058L, 
1319243876L, 690048935L, 1599013117L, -1553106108L, -1185377320L, 
497327994L, -1561005520L, 176589756L, -1880284588L, -884028350L, 
-72771424L, -858307908L, -1190158896L, -1298819230L, -1833381144L, 
-281500468L, 574270972L, 1174526450L, -605604224L, 978707956L, 
-2104733048L, 2106410810L, 447455056L, -1053340564L, 1225665940L, 
383388754L, 383621600L, 753095884L, -26775392L, -2068141694L, 
256981224L, -700620052L, -253430468L, -1179841422L, -77331344L, 
719055908L, -486449096L, 1040648986L, 109886672L, 1361886012L, 
1598334868L, -157012094L, -1061825088L, -1489247684L, -1766721136L, 
279943714L, 77786376L, 1614355084L, 577976092L, -1418047342L, 
1213325696L, 1122976276L, 100451112L, 669181498L, 1334671824L, 
170571116L, 125998004L, 1099299858L, 329282016L, 720077772L, 
1108652256L, 258664482L, -1515217624L, 1298593292L, 320840508L, 
-881994766L, -1616830736L, -751564220L, 707792472L, -1698966726L, 
-396013072L, 1370562236L, 1885879572L, 725106370L, 125468768L, 
1201620860L, 1918032848L, 2053487906L, 120719016L, 1435462540L, 
-2138866500L, -1168660686L, -695250368L, 1525020852L, -472659384L, 
685202874L, -1953017328L, -1378476308L, 873008468L, 1708840210L, 
1459517856L, -1165713716L, -1579612576L, -821128254L, 168592168L, 
723147692L, -2073424068L, 1957125490L, 2019561264L, 2118423844L, 
-2058183880L, 732004058L, -365108336L, -300041476L, -1278585964L, 
1257738306L, 1481572608L, -1135889348L, 789906768L, -1662680926L, 
503332168L, 939916044L, 736191196L, 51396946L, -925400960L, -1325339564L, 
1348156392L, -593586950L, -453959856L, 712535852L, 183573876L, 
821952402L, -627229600L, 1127904652L, 18369376L, 1087464930L, 
1851237288L, 553132236L, -2078319620L, 713355698L, -1278214672L, 
-1447862332L, -1234427560L, 1495971194L, -647725136L, 816747964L, 
-1524931500L, 645998530L, 140679200L, 1035823292L, -279095728L, 
2038943714L, 1187379304L, 833986636L, 1336935676L, -1769703438L, 
571305216L, 1145468276L, 2045896712L, 60887994L, 1707238864L, 
1617031148L, -1751282284L, -1552467502L, -856415904L, 646171468L, 
-235898592L, -2080090238L, -1209932056L, 85831916L, 1351358524L, 
1560866674L, -1225306512L, 1576041508L, -1888061640L, 1456194714L, 
341205712L, -650360644L, -703428972L, 1680412290L, 1415088320L, 
-147013828L, 1676476560L, -481262046L, -2144269304L, 963702028L, 
-191177572L, -1648074222L, 1549169536L, -1821559276L, -1666324952L, 
1649249594L, 256095696L, -262758292L, -1013779148L, -1607499118L, 
-725809312L, 1132019532L, -370327584L, -2052166750L, -218055768L, 
-565298804L, -619940676L, 147775858L, 533962992L, 183279684L, 
-1055355560L, 1932763706L, 336506736L, -1486676932L, -500163820L, 
16324034L, -1306237216L, 392598396L, -1539173680L, -266410846L, 
-706492376L, 1700878604L, -1592294468L, 871109938L, 131772864L, 
-1217318348L, 1601259464L, -2122214214L, -1642358384L, -735534612L, 
-364294572L, -2014131054L, 1556912928L, 1356534220L, -953004576L, 
-1633378622L, 1110646824L, -1710494036L, -110014276L, -2008418830L, 
-584954576L, 963015844L, -167013704L, 162146650L, 1478696480L, 
-669532290L, -1694695093L, -140000435L, -317668998L, -1107938376L, 
1136929121L, -1039092461L, 462511412L, -1706113214L, 203282263L, 
-840989023L, 259991398L, 2135163236L, -1497201515L, -1962996289L, 
-973737640L, -346726538L, -1308496509L, 1294813125L, 1353710818L, 
1655425360L, -1964468103L, 1589189547L, -1601257188L, -1752660406L, 
640582207L, 83875465L, 614793886L, -1093034164L, 1352685341L, 
-704498009L, -1919812144L, -38492818L, -253372389L, 1999534461L, 
-1054138518L, 115558920L, 797617841L, -2118211293L, 375314980L, 
-289287982L, -2071181017L, 654926705L, -332951114L, 1573726548L, 
1669138405L, 1752789487L, -1146635992L, 650514822L, -74326605L, 
987037973L, -39996558L, 1695301568L, -805785559L, 395832475L, 
-488609428L, 1741930874L, -2055826769L, -980342343L, -1583565874L, 
1812065052L, 1332478605L, -1011234057L, 479305216L, 1915598942L, 
1270641451L, -1596186579L, -778254182L, 5217368L, -2046194751L, 
1000924275L, -650777196L, 627746L, -447921353L, 1570498049L, 
-677533946L, -933749948L, 1085197941L, -1126223905L, -174464200L, 
-1868552938L, -142370525L, -174038299L, 1685916418L, 866730352L, 
-1215518439L, 786114827L, 1210673660L, -30916054L, 250827359L, 
1854018025L, -1535984898L, -1531383060L, -804838851L, 975766023L, 
-265402896L, -1646238322L, -1370293317L, -2036345443L, 157875018L, 
-766738584L, -968232623L, 630645315L, 504063812L, 1723583474L, 
1979089351L, 32405393L, -1753563370L, 1101261684L, -604687867L, 
-385121713L, 1680449096L, 1626038246L, 1408561427L, -1545724299L, 
-1750657966L, 188210848L, -301606007L, -43735109L, -778819572L, 
2097227162L, -2145172209L, 2038246233L, -2029750802L, -1143418756L, 
-1276349203L, -695393385L, 713407584L, -1211253186L, -490154229L, 
-334991987L, -1089300806L, -357239560L, -183369055L, 1921999443L, 
-1542865548L, -1572080894L, -1504250985L, 1405171041L, -1997032026L, 
82806692L, 938697301L, 2098885375L, -278046824L, 2129516726L, 
-1973220029L, 243895429L, -695110366L, -93086192L, 1213783481L, 
